0	Z	1.0	60000	8.9	26.1	9.3
0	Z	1.0	80000	6.0	17.1	6.2
0	Z	1.0	100000	4.5	12.8	4.6
0	Z	5.0	60000	13.6	38.9	14.0
0	Z	5.0	80000	10.6	30.5	10.9
0	Z	5.0	100000	9.0	25.7	9.3
0	Z	10.0	60000	23.9	60.8	24.6
0	Z	10.0	80000	19.9	50.6	20.5
0	Z	10.0	100000	17.4	44.2	18.0
0	Y	1.0	60000	8.7	9.0	8.8
0	Y	1.0	80000	5.4	5.6	5.5
0	Y	1.0	100000	3.8	4.0	3.9
0	Y	5.0	60000	14.6	15.1	14.8
0	Y	5.0	80000	11.1	11.4	11.2
0	Y	5.0	100000	9.1	9.4	9.2
0	Y	10.0	60000	29.6	30.7	30.0
0	Y	10.0	80000	24.2	25.0	24.4
0	Y	10.0	100000	20.7	21.4	20.9
0	J	1.0	60000	14.5	50.3	15.3
0	J	1.0	80000	9.8	33.9	10.3
0	J	1.0	100000	7.4	25.6	7.8
0	J	5.0	60000	21.6	72.3	22.9
0	J	5.0	80000	16.9	56.1	17.9
0	J	5.0	100000	14.3	47.3	15.1
0	J	10.0	60000	37.4	115.1	39.7
0	J	10.0	80000	31.0	95.2	33.0
0	J	10.0	100000	27.2	83.5	28.9
0	H	1.0	60000	6.7	7.1	6.9
0	H	1.0	80000	4.8	5.1	4.9
0	H	1.0	100000	3.8	4.0	3.9
0	H	5.0	60000	9.7	10.2	9.9
0	H	5.0	80000	7.6	8.0	7.7
0	H	5.0	100000	6.4	6.8	6.6
0	H	10.0	60000	17.0	17.9	17.4
0	H	10.0	80000	14.1	14.9	14.4
0	H	10.0	100000	12.3	13.0	12.6
0	K	1.0	60000	13.4	15.5	14.4
0	K	1.0	80000	9.2	10.5	9.8
0	K	1.0	100000	7.1	8.1	7.6
0	K	5.0	60000	20.7	23.9	22.1
0	K	5.0	80000	16.0	18.4	17.1
0	K	5.0	100000	13.5	15.5	14.4
0	K	10.0	60000	38.3	44.2	40.9
0	K	10.0	80000	31.7	36.6	33.9
0	K	10.0	100000	27.7	31.9	29.7
3	Z	1.0	60000	7.7	22.6	7.9
3	Z	1.0	80000	4.8	14.0	5.0
3	Z	1.0	100000	3.5	10.0	3.6
3	Z	5.0	60000	12.5	36.8	12.9
3	Z	5.0	80000	9.6	28.3	9.9
3	Z	5.0	100000	8.0	23.6	8.3
3	Z	10.0	60000	23.8	61.4	24.6
3	Z	10.0	80000	19.6	50.9	20.3
3	Z	10.0	100000	17.1	44.3	17.7
3	Y	1.0	60000	7.6	7.8	7.7
3	Y	1.0	80000	4.7	4.8	4.7
3	Y	1.0	100000	3.3	3.4	3.3
3	Y	5.0	60000	13.0	13.4	13.2
3	Y	5.0	80000	9.8	10.1	9.9
3	Y	5.0	100000	8.1	8.3	8.2
3	Y	10.0	60000	26.9	27.8	27.2
3	Y	10.0	80000	21.9	22.6	22.1
3	Y	10.0	100000	18.7	19.3	18.9
3	J	1.0	60000	13.8	47.5	14.6
3	J	1.0	80000	9.0	31.0	9.5
3	J	1.0	100000	6.6	22.9	7.0
3	J	5.0	60000	21.4	70.5	22.6
3	J	5.0	80000	16.5	54.3	17.5
3	J	5.0	100000	13.9	45.6	14.7
3	J	10.0	60000	38.4	116.4	40.8
3	J	10.0	80000	31.8	95.8	33.7
3	J	10.0	100000	27.7	83.7	29.4
3	H	1.0	60000	7.2	7.7	7.4
3	H	1.0	80000	5.1	5.5	5.3
3	H	1.0	100000	4.1	4.3	4.2
3	H	5.0	60000	10.2	10.8	10.4
3	H	5.0	80000	8.0	8.5	8.2
3	H	5.0	100000	6.8	7.2	7.0
3	H	10.0	60000	17.4	18.4	17.9
3	H	10.0	80000	14.5	15.3	14.9
3	H	10.0	100000	12.7	13.4	13.0
3	K	1.0	60000	12.5	14.1	13.3
3	K	1.0	80000	8.4	9.5	9.0
3	K	1.0	100000	6.5	7.3	6.9
3	K	5.0	60000	19.3	22.0	20.6
3	K	5.0	80000	14.9	16.9	15.9
3	K	5.0	100000	12.5	14.2	13.4
3	K	10.0	60000	36.1	41.0	38.5
3	K	10.0	80000	29.9	33.9	31.9
3	K	10.0	100000	26.1	29.6	27.9
6	Z	1.0	60000	3.9	11.3	4.0
6	Z	1.0	80000	2.4	6.8	2.5
6	Z	1.0	100000	1.7	4.7	1.7
6	Z	5.0	60000	6.9	20.3	7.2
6	Z	5.0	80000	5.2	15.3	5.4
6	Z	5.0	100000	4.3	12.7	4.5
6	Z	10.0	60000	14.4	39.5	15.0
6	Z	10.0	80000	11.8	32.3	12.3
6	Z	10.0	100000	10.2	28.0	10.6
6	Y	1.0	60000	5.2	5.4	5.3
6	Y	1.0	80000	3.4	3.5	3.4
6	Y	1.0	100000	2.4	2.5	2.5
6	Y	5.0	60000	8.3	8.6	8.4
6	Y	5.0	80000	6.4	6.6	6.5
6	Y	5.0	100000	5.4	5.5	5.5
6	Y	10.0	60000	14.4	14.8	14.6
6	Y	10.0	80000	11.9	12.3	12.1
6	Y	10.0	100000	10.3	10.6	10.5
6	J	1.0	60000	7.9	26.5	8.3
6	J	1.0	80000	5.0	16.8	5.3
6	J	1.0	100000	3.6	12.1	3.9
6	J	5.0	60000	12.9	42.7	13.7
6	J	5.0	80000	9.9	32.9	10.5
6	J	5.0	100000	8.3	27.6	8.8
6	J	10.0	60000	23.8	76.0	25.2
6	J	10.0	80000	19.7	62.6	20.9
6	J	10.0	100000	17.2	54.5	18.2
6	H	1.0	60000	6.0	6.5	6.2
6	H	1.0	80000	4.1	4.4	4.2
6	H	1.0	100000	3.1	3.4	3.2
6	H	5.0	60000	9.4	10.2	9.7
6	H	5.0	80000	7.3	7.9	7.6
6	H	5.0	100000	6.2	6.7	6.4
6	H	10.0	60000	17.5	18.9	18.1
6	H	10.0	80000	14.5	15.6	15.0
6	H	10.0	100000	12.6	13.6	13.1
6	K	1.0	60000	7.4	8.3	7.9
6	K	1.0	80000	5.0	5.6	5.3
6	K	1.0	100000	3.8	4.3	4.1
6	K	5.0	60000	11.8	13.3	12.6
6	K	5.0	80000	9.1	10.3	9.8
6	K	5.0	100000	7.7	8.6	8.2
6	K	10.0	60000	22.7	25.5	24.2
6	K	10.0	80000	18.8	21.1	20.0
6	K	10.0	100000	16.4	18.4	17.5
9	Z	1.0	60000	3.3	9.4	3.4
9	Z	1.0	80000	2.0	5.7	2.1
9	Z	1.0	100000	1.4	4.0	1.5
9	Z	5.0	60000	5.8	17.0	6.1
9	Z	5.0	80000	4.4	12.8	4.6
9	Z	5.0	100000	3.7	10.6	3.9
9	Z	10.0	60000	12.2	33.6	12.7
9	Z	10.0	80000	10.0	27.5	10.4
9	Z	10.0	100000	8.6	23.8	9.0
9	Y	1.0	60000	4.2	4.4	4.3
9	Y	1.0	80000	2.7	2.8	2.7
9	Y	1.0	100000	1.9	2.0	1.9
9	Y	5.0	60000	6.9	7.1	7.0
9	Y	5.0	80000	5.3	5.5	5.4
9	Y	5.0	100000	4.5	4.6	4.5
9	Y	10.0	60000	11.9	12.2	12.0
9	Y	10.0	80000	9.9	10.1	10.0
9	Y	10.0	100000	8.5	8.8	8.6
9	J	1.0	60000	5.7	18.9	6.0
9	J	1.0	80000	3.6	11.9	3.8
9	J	1.0	100000	2.6	8.5	2.7
9	J	5.0	60000	9.5	31.5	10.1
9	J	5.0	80000	7.3	24.2	7.7
9	J	5.0	100000	6.1	20.3	6.5
9	J	10.0	60000	17.8	57.5	18.8
9	J	10.0	80000	14.7	47.3	15.6
9	J	10.0	100000	12.8	41.1	13.6
9	H	1.0	60000	4.7	5.1	4.8
9	H	1.0	80000	3.2	3.4	3.3
9	H	1.0	100000	2.4	2.6	2.5
9	H	5.0	60000	7.4	8.1	7.7
9	H	5.0	80000	5.8	6.3	6.0
9	H	5.0	100000	4.9	5.3	5.0
9	H	10.0	60000	13.9	15.1	14.5
9	H	10.0	80000	11.5	12.5	12.0
9	H	10.0	100000	10.1	10.9	10.4
9	K	1.0	60000	5.5	6.2	5.9
9	K	1.0	80000	3.7	4.2	4.0
9	K	1.0	100000	2.8	3.2	3.0
9	K	5.0	60000	9.0	10.1	9.6
9	K	5.0	80000	6.9	7.8	7.4
9	K	5.0	100000	5.9	6.6	6.2
9	K	10.0	60000	17.1	19.3	18.3
9	K	10.0	80000	14.2	16.0	15.1
9	K	10.0	100000	12.4	14.0	13.2
